7.988754999999883588e-02
9.649884999999729096e-02
1.312801999999989588e-01
1.761487499999931927e-01
2.210856499999975799e-01
2.523126999999908415e-01
2.734823000000016768e-01
2.882300999999960478e-01
2.736942000000013309e-01
2.489638499999955457e-01
2.388361000000054912e-01
2.358963500000038349e-01
2.440706000000017195e-01
2.480722500000049902e-01
2.489492000000030070e-01
2.563575999999943011e-01
2.540536500000110109e-01
2.500861500000116644e-01
2.490149500000028993e-01
2.495035499999975481e-01
